           1    0.448152    0.448152           0
           2    0.473488    0.236744    0.167403
           3    0.462384    0.154128    0.125845
           4    0.467376    0.116844     0.10119
           5    0.472488   0.0944976   0.0845212
           6    0.462984    0.077164   0.0704408
           7    0.475072   0.0678674    0.062833
           8     0.46592     0.05824   0.0544785
           9    0.482472    0.053608   0.0505421
          10    0.461768   0.0461768   0.0438072
          11    0.464408   0.0422189   0.0402542
          12    0.462256   0.0385213   0.0368814
          13    0.455184   0.0350142   0.0336405
          14    0.464344   0.0331674   0.0319609
          15    0.468568   0.0312379   0.0301786
          16    0.456696   0.0285435   0.0276371
          17    0.468056   0.0275327   0.0267106
          18    0.463256   0.0257364   0.0250113
          19    0.466392   0.0245469   0.0238922
          20     0.46024    0.023012   0.0224293
           1    0.462984    0.462984           0
           2    0.459624    0.229812    0.162502
           3    0.465704    0.155235    0.126749
           4    0.466896    0.116724    0.101086
           5    0.457456   0.0914912   0.0818322
           6    0.474184   0.0790307   0.0721448
           7    0.478672   0.0683817   0.0633092
           8    0.487944    0.060993   0.0570537
           9    0.468768   0.0520853   0.0491065
          10    0.445864   0.0445864   0.0422984
          11    0.460064    0.041824   0.0398776
          12    0.451584    0.037632   0.0360299
          13     0.45288   0.0348369   0.0334702
          14    0.454776    0.032484   0.0313024
          15    0.461208   0.0307472   0.0297046
          16      0.4572    0.028575   0.0276676
          17    0.477848   0.0281087   0.0272695
          18    0.488496   0.0271387    0.026374
          19    0.441392   0.0232312   0.0226115
          20    0.467072   0.0233536   0.0227623
